object: 0.4855072463768116
number: 0.41724137931034483
color: 0.77
location: 0.5255102040816326
Accuracy: 0.502