object: 0.4843373493975904
number: 0.41724137931034483
location: 0.35384615384615387
Accuracy: 0.43444444444444447