object: 0.6343060024409187
number: 0.37445573294629897
color: 0.7441198501872659
location: 0.46166263115415657
Accuracy: 0.6237547499229742